1541628944
1541632531
1525973985
1525778577
1562013843
1526059124
1525866753
1541636086
1525998162
1538854636
1561819111
1525973503
1562604606
1561819350
1525813154
1563964847
1525929870
1570007767
1525800749
1549897045
1525824680
1541637251
1541641037
1541659397
1525859959
1562604109
1570002576
1570006428
1526019373
1561818611
1525856304
1550827699
1562603252
1541642566
1541642562
1525851345
1570005258
1526084252
1570001402
1562603040
1541630403
1525850716
1526081186
1525998276
1525856387
1525890067
1541630619
1570001855
1525790958
1541635867
1541643133
1525921610
1525851854
1561705855
1526008733
1525909663
1570003863
1525762977
1526059336
1562602109
1561819574
1541637044
1546227788
1525972821
1541644893
1525950619
1526047501
1541636626
1526028271
1562601785
1525973925
1526008879
1525973670
1525950105
1570004769
1561820044
1541625638
1525867308
1570002390
1561819745
1541642292
1541632139
1570007620
1570005260
1541630215
1570001767
1526047664
1561704084
1561704947
1561704946
1561704944
1525942404
1541639397
1568871400
1570004646
1541632986
1525834488
1525890760
1526080137
1525763499
1525801115
1562601501
1525812959
1570002294
1541637173
1541636887
1570003067
1526084309
1526019669
1525856624
1525942392
1525942394
1525890385
1541635782
1525921483
1570004488
1541644746
1561705832
1525998148
1525972105
1525824152
1541631900
1549105900
1526019217
1525858377
1525922044
1525941753
1525899772
1526037322
1541633837
1561819995
1525801094
1525859149
1541637234
1541643323
1526080218
1525858667
1525859865
1541631828
1546781876
1570001289
1541640869
1562602467
1570002678
1525889999
1568519414
1549345940
1541633151
1525909661
1541628343
1546781874
1525779208
1562602774
1570001209
1526047610
1548248153
1525941171
1541626419
1541627566
1570002135
1525762896
1525909279
1561819349
1568518883
1541637181
1525791497
1570004020
1525763634
1547141733
1525929845
1570002428
1525921789
1562014035
1570002642
1526079978
1570005128
1541644879
1526028250
1541644525
1525982487
1541643920
1570004246
1570004245
1525921547
1525981926
1525998286
1541632434
1525973287
1525770655
1525770657
1570003511
1525850934
1541632118
1561818904
1541625380
1541644646
1550812747
1525813258
1570004091
1563965495
1525791347
1541627225
1525834242
1525834248
1525763394
1525973463
1525770899
1525972914
1561818825
1541632411
1526008696
1562602257
1525770728
1525763664
1562601734
1541643772
1562602112
1570004207
1526083945
1525950621
1541631929
1541641566
1561819153
1525771174
1526019272
1525866485
1545494997
1541637730
1541626295
1526083697
1562603905
1525941678
1541641077
1562604320
1525866646
1525800515
1541644577
1525851130
1525998955
1526047473
1541636875
1570001774
1525949939
1525982083
1525982550
1525857165
1526059534
1568871050
1525891994
1570003122
1541633568
1541639604
1525763441
1525998687
1570002992
1541632991
1525800657
1541641131
1525779266
1525876647
1525913848
1525950220
1525812556
1525850519
1541637360
1525860035
1525973708
1538693963
1525972138
1541635824
1525890624
1561818751
1525859686
1541643824
1525779403
1562604613
1525859523
1525929696
1526084075
1570003202
1570002833
1525762976
1525971812
1561703158
1526030031
1525967158
1570001303
1570002577
1570005103
1525771323
1525890488
1525866576
1541642068
1526047703
1541627696
1570003722
1526008108
1525909275
1562602416
1541633532
1526047744
1541625675
1562602628
1526084269
1568871293
1525859346
1541641165
1525998069
1525876617
1570004349
1561707771
1526080955
1526008269
1525824253
1570001869
1525974137
1525856849
1562604001
1541637541
1525778584
1526008051
1570002810
1525800682
1548431859
1525800449
1541639298
1541635740
1525974202
1525763339
1525982196
1525973895
1568519644
1525834343
1570004033
1568870903
1541629498
1541634588
1525921993
1541659396
1525890154
1562601995
1570003440
1525968183
1570003274
1525972499
1541627606
1525941618
1525941610
1541641050
1561701842
1541641153
1541644385
1541644654
1526081166
1525998216
1525969272
1562014555
1541626067
1541626062
1525972889
1525929577
1541626931
1541633292
1570001852
1562604368
1562604360
1570003886
1570004393
1525930000
1525771029
1570002336
1526047860
1541643154
1541625308
1561706622
1525771180
1525941377
1525801183
1525876952
1570004068
1541631898
1525791460
1525824635
1541645007
1525856556
1526019309
1525791296
1526084209
1525998365
1547782843
1525941432
1525941431
1525941978
1570001291
1549901540
1526047689
1562602290
1525941970
1525859466
